  95  17 152  39 163 163  64 174 220 179 234  35 234  22 152  98
 212  95 126  23  37 141 238  27 159 220 144  56  62  56  42 181
 209 184 168  99 173  57 104 118 220 130  63  78 102 194  23 178
   5  82 196 179  40 214  12  36  58 232  56 225 165  54 175 232
  62  71  62  84  19 253 171  23 244  30 162 171 173 253  98  22
  70  44  51 142  80   2 102 241  79 201  52  41  27 232 232  91
 151 136  47  48  92 113 228 248 131 250 199 138 117  24 110 215
 191 175 121 255 117 157 226 132 250  11 190 237 208  79  39 128
   2  69  24  22  28  85 115 228 201 194 188  52 133 189 158 203
 171 253 189 108  59  24
